0	0
1	1
2	2
3	3
4	4
5	5
6	6
7	7
8	8
9	9
10	10
11	11
12	12
13	13
14	14
15	15
16	16
17	17
18	18
19	19
20	20
21	21
22	22
23	23
24	24
25	25
26	26
27	27
28	28
29	29
30	30
31	31
32	32
33	33
34	34
35	35
36	36
37	37
38	38
39	39
40	40
41	41
42	42
43	43
44	44
45	45
46	46
47	47
48	48
49	49
50	50
51	51
52	52
53	53
54	54
55	55
56	56
57	57
58	58
59	59
60	60
61	61
62	62
63	63
64	64
65	65
66	66
67	67
68	68
69	69
70	70
71	71
72	72
73	73
74	74
75	75
76	76
77	77
78	78
79	79
80	80
81	81
82	82
83	83
84	84
85	85
86	86
87	87
88	88
89	89
90	90
91	91
92	92
93	93
94	94
95	95
96	96
97	97
98	98
99	99
100	100
101	101
102	102
103	103
104	104
105	105
106	106
107	107
108	108
109	109
110	110
111	111
112	112
113	113
114	114
115	115
116	116
117	117
118	118
119	119
120	120
121	121
122	122
123	123
124	124
125	125
126	126
127	127
128	128
129	129
130	130
131	131
132	132
133	133
134	134
135	135
136	136
137	137
138	138
139	139
140	140
141	141
142	142
143	143
144	144
145	145
146	146
147	147
148	148
149	149
150	150
151	151
152	152
153	153
154	154
155	155
156	156
157	157
158	158
159	159
160	160
161	161
162	162
163	163
164	164
165	165
166	166
167	167
168	168
169	169
170	170
171	171
172	172
173	173
174	174
175	175
176	176
177	177
178	178
179	179
180	180
181	181
182	182
183	183
184	184
185	185
186	186
187	187
188	188
189	189
190	190
191	191
192	192
193	193
194	194
195	195
196	196
197	197
198	198
199	199
200	200
201	201
202	202
203	203
204	204
205	205
206	206
207	207
208	208
209	209
210	210
211	211
212	212
213	213
214	214
215	215
216	216
217	217
218	218
219	219
220	220
221	221
222	222
223	223
224	224
225	225
226	226
227	227
228	228
229	229
230	230
231	231
232	232
233	233
234	234
235	235
236	236
237	237
238	238
239	239
240	240
241	241
242	242
243	243
244	244
245	245
246	246
247	247
248	248
249	249
250	250
251	251
252	252
253	253
254	254
255	255
256	256
257	257
258	258
259	259
260	260
261	261
262	262
263	263
264	264
265	265
266	266
267	267
268	268
269	269
270	270
271	271
272	272
273	273
274	274
275	275
276	276
277	277
278	278
279	279
280	280
281	281
282	282
283	283
284	284
285	285
286	286
287	287
288	288
289	289
290	290
291	291
292	292
293	293
294	294
295	295
296	296
297	297
298	298
299	299
300	300
301	301
302	302
303	303
304	304
305	305
306	306
307	307
308	308
309	309
310	310
311	311
312	312
313	313
314	314
315	315
316	316
317	317
318	318
319	319
320	320
321	321
322	322
323	323
324	324
325	325
326	326
327	327
328	328
329	329
330	330
331	331
332	332
333	333
334	334
335	335
336	336
337	337
338	338
339	339
340	340
341	341
342	342
343	343
344	344
345	345
346	346
347	347
348	348
349	414
350	428
351	1684
352	1912
353	2814
354	2838
355	2885
356	3003
357	3173
358	3290
359	353
360	363
361	366
362	376
363	389
364	420
365	475
366	483
367	484
368	517
369	526
370	538
371	563
372	566
373	580
374	596
375	601
376	606
377	629
378	637
379	641
380	649
381	651
382	896
383	897
384	898
385	899
386	900
387	901
388	902
389	903
390	904
391	905
392	906
393	907
394	908
395	909
396	910
397	911
398	912
399	913
400	914
401	915
402	916
403	917
404	918
405	919
406	920
407	921
408	922
409	923
410	924
411	925
412	926
413	927
414	928
415	929
416	930
417	931
418	932
419	933
420	934
421	935
422	936
423	937
424	938
425	939
426	940
427	941
428	942
429	943
430	944
431	945
432	946
433	947
434	948
435	949
436	950
437	951
438	952
439	953
440	954
441	955
442	956
443	957
444	958
445	959
446	960
447	961
448	962
449	963
450	964
451	965
452	966
453	967
454	968
455	969
456	970
457	971
458	972
459	973
460	974
461	975
462	976
463	977
464	978
465	979
466	980
467	981
468	982
469	983
470	984
471	985
472	986
473	987
474	988
475	989
476	990
477	991
478	992
479	993
480	994
481	995
482	996
483	997
484	998
485	999
486	1000
487	1001
488	1002
489	1003
490	1004
491	1005
492	1006
493	1007
494	1008
495	1009
496	1010
497	1011
498	1012
499	1013
500	1014
501	1015
502	1016
503	1017
504	1018
505	1019
506	1020
507	1021
508	1022
509	1023
510	1024
511	1025
512	1026
513	1027
514	1028
515	1029
516	1030
517	1031
518	1032
519	1033
520	1034
521	1035
522	1036
523	1037
524	1038
525	1039
526	1040
527	1041
528	1042
529	1043
530	1044
531	1045
532	1046
533	1047
534	1048
535	1049
536	1050
537	1051
538	1052
539	1053
540	1054
541	1055
542	1056
543	1057
544	1058
545	1059
546	1060
547	1061
548	1062
549	1063
550	1064
551	1065
552	1066
553	1067
554	1068
555	1069
556	1070
557	1071
558	1072
559	1073
560	1074
561	1075
562	1076
563	1077
564	1078
565	1079
566	1080
567	1081
568	1082
569	1083
570	1084
571	1085
572	1086
573	1087
574	1088
575	1089
576	1090
577	1091
578	1092
579	1093
580	1094
581	1095
582	1096
583	1097
584	1098
585	1099
586	1100
587	1101
588	1102
589	1103
590	1104
591	1105
592	1106
593	1107
594	1108
595	1109
596	1110
597	1111
598	1112
599	1113
600	1114
601	1115
602	1116
603	1117
604	1118
605	1119
606	1120
607	1121
608	1122
609	1123
610	1124
611	1125
612	1126
613	1127
614	1128
615	1129
616	1130
617	1131
618	1132
619	1133
620	1134
621	1135
622	1136
623	1137
624	1138
625	1139
626	1140
627	1141
628	1142
629	1143
630	1144
631	1145
632	1146
633	1147
634	1148
635	1149
636	1150
637	1151
638	1152
639	1153
640	1154
641	1155
642	1156
643	1157
644	1158
645	1159
646	1160
647	1161
648	1162
649	1163
650	1164
651	1165
652	1166
653	1167
654	1168
655	1169
656	1170
657	1171
658	1172
659	1173
660	1174
661	1175
662	1176
663	1177
664	1178
665	1179
666	1180
667	1181
668	1182
669	1183
670	1184
671	1185
672	1186
673	1187
674	1188
675	1189
676	1190
677	1191
678	1192
679	1193
680	1194
681	1195
682	1196
683	1197
684	1198
685	1199
686	1200
687	1201
688	1202
689	1203
690	1204
691	1205
692	1206
693	1207
694	1208
695	1209
696	1210
697	1211
698	1212
699	1213
700	1214
701	1215
702	1216
703	1217
704	1218
705	1219
706	1220
707	1221
708	1222
709	1223
710	1224
711	1225
712	1226
713	1227
714	1228
715	1229
716	1230
717	1231
718	1232
719	1233
720	1234
721	1235
722	1236
723	1237
724	1238
725	1239
726	1240
727	1241
728	1242
729	1243
730	1244
731	1245
732	1246
733	1247
734	1248
735	1249
736	1250
737	1251
738	1252
739	1253
740	1254
741	1255
742	1256
743	1257
744	1258
745	1259
746	1260
747	1261
748	1262
749	1263
750	1264
751	1265
752	1266
753	1267
754	1268
755	1269
756	1270
757	1271
758	1272
759	1273
760	1274
761	1275
762	1276
763	1277
764	1278
765	1279
766	1280
767	1281
768	1282
769	1283
770	1284
771	1285
772	1286
773	1287
774	1288
775	1289
776	1290
777	1291
778	1292
779	1293
780	1294
781	1295
782	1296
783	1297
784	1298
785	1299
786	1300
787	1301
788	1302
789	1303
790	1304
791	1305
792	1306
793	1307
794	1308
795	1309
796	1310
797	1311
798	1312
799	1313
800	1314
801	1315
802	1316
803	1317
804	1318
805	1319
806	1320
807	1321
808	1322
809	1323
810	1324
811	1325
812	1326
813	1327
814	1328
815	1329
816	1330
817	1331
818	1332
819	1333
820	1334
821	1335
822	1336
823	1337
824	1338
825	1339
826	1340
827	1341
828	1342
829	1343
830	1344
831	1345
832	1346
833	1347
834	1348
835	1349
836	1350
837	1351
838	1352
839	1353
840	1354
841	1355
842	1356
843	1357
844	1358
845	1359
846	1360
847	1361
848	1362
849	1363
850	1364
851	1365
852	1366
853	1367
854	1368
855	1369
856	1370
857	1371
858	1372
859	1373
860	1374
861	1375
862	1376
863	1377
864	1378
865	1379
866	1380
867	1381
868	1382
869	1383
870	1384
871	1385
872	1386
873	1387
874	1388
875	1389
876	1390
877	1391
878	1392
879	1393
880	1394
881	1395
882	1396
883	1397
884	1398
885	1399
886	1400
887	1401
888	1402
889	1403
890	1404
891	1405
892	1406
893	1407
894	1408
895	1409
896	1410
897	1411
898	1412
899	1413
900	1414
901	1415
902	1416
903	1417
904	1418
905	1419
906	1420
907	1421
908	1422
909	1423
910	1424
911	1425
912	1426
913	1427
914	1428
915	1429
916	1430
917	1431
918	1432
919	1433
920	1434
921	1435
922	1436
923	1437
924	1438
925	1439
926	1440
927	1441
928	1442
929	1443
930	1444
931	1445
932	1446
933	1447
934	1448
935	1449
936	1450
937	1451
938	1452
939	1453
940	1454
941	1455
942	1456
943	1457
944	1458
945	1459
946	1460
947	1461
948	1462
949	1463
950	1464
951	1465
952	1466
953	1467
954	1468
955	1469
956	1470
957	1471
958	1472
959	1473
960	1474
961	1475
962	1476
963	1477
964	1478
965	1479
966	1480
967	1481
968	1482
969	1483
970	1484
971	1485
972	1486
973	1487
974	1488
975	1489
976	1490
977	1491
978	1492
979	1493
980	1494
981	1495
982	1496
983	1497
984	1498
985	1499
986	1500
987	1501
988	1502
989	1503
990	1504
991	1505
992	1506
993	1507
994	1508
995	1509
996	1510
997	1511
998	1512
999	1513
1000	1514
1001	1515
1002	1516
1003	1517
1004	1518
1005	1519
1006	1520
1007	1521
1008	1522
1009	1523
1010	1524
1011	1525
1012	1526
1013	1527
1014	1528
1015	1529
1016	1530
1017	1531
1018	1532
1019	1533
1020	1534
1021	1535
1022	1536
1023	1537
1024	1538
1025	1539
1026	1540
1027	1541
1028	1542
1029	1543
1030	1544
1031	1545
1032	1546
1033	1547
1034	1548
1035	1549
1036	1550
1037	1551
1038	1552
1039	1553
1040	1554
1041	1555
1042	1556
1043	1557
1044	1558
1045	1559
1046	1560
1047	1561
1048	1562
1049	1563
1050	1564
1051	1565
1052	1566
1053	1567
1054	1568
1055	1569
1056	1570
1057	1571
1058	1572
1059	1573
1060	1574
1061	1575
1062	1576
1063	1577
1064	1578
1065	1579
1066	1580
1067	1581
1068	1582
1069	1583
1070	1584
1071	1585
1072	1586
1073	1587
1074	1588
1075	1589
1076	1590
1077	1591
1078	1592
1079	1593
1080	1594
1081	1595
1082	1596
1083	1597
1084	1598
1085	1599
1086	1600
1087	1601
1088	1602
1089	1603
1090	1604
1091	1605
1092	1606
1093	1607
1094	1608
1095	1609
1096	1610
1097	1611
1098	1612
1099	1613
1100	1614
1101	1615
1102	1616
1103	1617
1104	1618
1105	1619
1106	1620
1107	1621
1108	1622
1109	1623
1110	1624
1111	1625
1112	1626
1113	1627
1114	1628
1115	1629
1116	1630
1117	1631
1118	1632
1119	1633
1120	1634
1121	1635
1122	1636
1123	1637
1124	1638
1125	1639
1126	1640
1127	1641
1128	1642
1129	1643
1130	1644
1131	1645
1132	1646
1133	1647
1134	1648
1135	1649
1136	1650
1137	1651
1138	1652
1139	1653
1140	1654
1141	1655
1142	1656
1143	1657
1144	1658
1145	1659
1146	1660
1147	1661
1148	1662
1149	1663
1150	1664
1151	1665
1152	1666
1153	1667
1154	1668
1155	1669
1156	1670
1157	1671
1158	1672
1159	1673
1160	1674
1161	1675
1162	1676
1163	1677
1164	1678
1165	1679
1166	1680
1167	1681
1168	1682
1169	1683
1170	1685
1171	1686
1172	1687
1173	1688
1174	1689
1175	1690
1176	1691
1177	1692
1178	1693
1179	1694
1180	1695
1181	1696
1182	1697
1183	1698
1184	1699
1185	1700
1186	1701
1187	1702
1188	1703
1189	1704
1190	1705
1191	1706
1192	1707
1193	1708
1194	1709
1195	1710
1196	1711
1197	1712
1198	1713
1199	1714
1200	1715
1201	1716
1202	1717
1203	1718
1204	1719
1205	1720
1206	1721
1207	1722
1208	1723
1209	1724
1210	1725
1211	1726
1212	1727
1213	1728
1214	1729
1215	1730
1216	1731
1217	1732
1218	1733
1219	1734
1220	1735
1221	1736
1222	1737
1223	1738
1224	1739
1225	1740
1226	1741
1227	1742
1228	1743
1229	1744
1230	1745
1231	1746
1232	1747
1233	1748
1234	1749
1235	1750
1236	1751
1237	1752
1238	1753
1239	1754
1240	1755
1241	1756
1242	1757
1243	1758
1244	1759
1245	1760
1246	1761
1247	1762
1248	1763
1249	1764
1250	1765
1251	1766
1252	1767
1253	1768
1254	1769
1255	1770
1256	1771
1257	1772
1258	1773
1259	1774
1260	1775
1261	1776
1262	1777
1263	1778
1264	1779
1265	1780
1266	1781
1267	1782
1268	1783
1269	1784
1270	1785
1271	1786
1272	1787
1273	1788
1274	1789
1275	1790
1276	1791
1277	1792
1278	1793
1279	1794
1280	1795
1281	1796
1282	1797
1283	1798
1284	1799
1285	1800
1286	1801
1287	1802
1288	1803
1289	1804
1290	1805
1291	1806
1292	1807
1293	1808
1294	1809
1295	1810
1296	1811
1297	1812
1298	1813
1299	1814
1300	1815
1301	1816
1302	1817
1303	1818
1304	1819
1305	1820
1306	1821
1307	1822
1308	1823
1309	1824
1310	1825
1311	1826
1312	1827
1313	1828
1314	1829
1315	1830
1316	1831
1317	1832
1318	1833
1319	1834
1320	1835
1321	1836
1322	1837
1323	1838
1324	1839
1325	1840
1326	1841
1327	1842
1328	1843
1329	1844
1330	1845
1331	1846
1332	1847
1333	1848
1334	1849
1335	1850
1336	1851
1337	1852
1338	1853
1339	1854
1340	1855
1341	1856
1342	1857
1343	1858
1344	1859
1345	1860
1346	1861
1347	1862
1348	1863
1349	1864
1350	1865
1351	1866
1352	1867
1353	1868
1354	1869
1355	1870
1356	1871
1357	1872
1358	1873
1359	1874
1360	1875
1361	1876
1362	1877
1363	1878
1364	1879
1365	1880
1366	1881
1367	1882
1368	1883
1369	1884
1370	1885
1371	1886
1372	1887
1373	1888
1374	1889
1375	1890
1376	1891
1377	1892
1378	1893
1379	1894
1380	1895
1381	1896
1382	1897
1383	1898
1384	1899
1385	1900
1386	1901
1387	1902
1388	1903
1389	1904
1390	1905
1391	1906
1392	1907
1393	1908
1394	1909
1395	1910
1396	1911
1397	1926
1398	1932
1399	1939
1400	1945
1401	1951
1402	1955
1403	1972
1404	1973
1405	1976
1406	1991
1407	1995
1408	1998
1409	2001
1410	2004
1411	2007
1412	2009
1413	2018
1414	2024
1415	2027
1416	2032
1417	2038
1418	2039
1419	2042
1420	2054
1421	2068
1422	2071
1423	2072
1424	2081
1425	2102
1426	2111
1427	2116
1428	2117
1429	2127
1430	2128
1431	2133
1432	2135
1433	2138
1434	2143
1435	2153
1436	2157
1437	2171
1438	2174
1439	2180
1440	2183
1441	2187
1442	2189
1443	2199
1444	2203
1445	2223
1446	2224
1447	2225
1448	2247
1449	2250
1450	2254
1451	2264
1452	2267
1453	2268
1454	2279
1455	2283
1456	2284
1457	2289
1458	2292
1459	2302
1460	2319
1461	2327
1462	2336
1463	2337
1464	2364
1465	2378
1466	2384
1467	2398
1468	2417
1469	2436
1470	2445
1471	2447
1472	2451
1473	2458
1474	2459
1475	2461
1476	2463
1477	2471
1478	2472
1479	2475
1480	2491
1481	2494
1482	2498
1483	2502
1484	2508
1485	2510
1486	2511
1487	2529
1488	2533
1489	2538
1490	2543
1491	2547
1492	2571
1493	2583
1494	2589
1495	2598
1496	2617
1497	2629
1498	2635
1499	2636
1500	2640
1501	2643
1502	2647
1503	2649
1504	2653
1505	2660
1506	2704
1507	2740
1508	427
1509	464
1510	549
1511	351
1512	364
1513	393
1514	399
1515	441
1516	476
1517	501
1518	564
1519	349
1520	350
1521	352
1522	354
1523	355
1524	356
1525	357
1526	358
1527	359
1528	360
1529	361
1530	362
1531	365
1532	367
1533	368
1534	369
1535	370
1536	371
1537	372
1538	373
1539	374
1540	375
1541	377
1542	378
1543	379
1544	380
1545	381
1546	382
1547	383
1548	384
1549	385
1550	386
1551	387
1552	388
1553	390
1554	391
1555	392
1556	394
1557	395
1558	396
1559	397
1560	398
1561	400
1562	401
1563	402
1564	403
1565	404
1566	405
1567	406
1568	407
1569	408
1570	409
1571	410
1572	411
1573	412
1574	413
1575	415
1576	416
1577	417
1578	418
1579	419
1580	421
1581	422
1582	423
1583	424
1584	425
1585	426
1586	429
1587	430
1588	431
1589	432
1590	433
1591	434
1592	435
1593	436
1594	437
1595	438
1596	439
1597	440
1598	442
1599	443
1600	444
1601	445
1602	446
1603	447
1604	448
1605	449
1606	450
1607	451
1608	452
1609	453
1610	454
1611	455
1612	456
1613	457
1614	458
1615	459
1616	460
1617	461
1618	462
1619	463
1620	465
1621	466
1622	467
1623	468
1624	469
1625	470
1626	471
1627	472
1628	473
1629	474
1630	477
1631	478
1632	479
1633	480
1634	481
1635	482
1636	485
1637	486
1638	487
1639	488
1640	489
1641	490
1642	491
1643	492
1644	493
1645	494
1646	495
1647	496
1648	497
1649	498
1650	499
1651	500
1652	502
1653	503
1654	504
1655	505
1656	506
1657	507
1658	508
1659	509
1660	510
1661	511
1662	512
1663	513
1664	514
1665	515
1666	516
1667	518
1668	519
1669	520
1670	521
1671	522
1672	523
1673	524
1674	525
1675	527
1676	528
1677	529
1678	530
1679	531
1680	532
1681	533
1682	534
1683	535
1684	536
1685	537
1686	539
1687	540
1688	541
1689	542
1690	543
1691	544
1692	545
1693	546
1694	547
1695	548
1696	550
1697	551
1698	552
1699	553
1700	554
1701	555
1702	556
1703	557
1704	558
1705	559
1706	560
1707	561
1708	562
1709	565
1710	567
1711	568
1712	569
1713	570
1714	571
1715	572
1716	591
1717	656
1718	669
1719	604
1720	645
1721	646
1722	666
1723	683
1724	587
1725	590
1726	614
1727	634
1728	680
1729	586
1730	610
1731	652
1732	673
1733	676
1734	620
1735	574
1736	630
1737	678
1738	593
1739	609
1740	573
1741	575
1742	576
1743	577
1744	578
1745	579
1746	581
1747	582
1748	583
1749	584
1750	585
1751	588
1752	589
1753	592
1754	594
1755	595
1756	597
1757	598
1758	599
1759	600
1760	602
1761	603
1762	605
1763	607
1764	608
1765	611
1766	612
1767	613
1768	615
1769	616
1770	617
1771	618
1772	619
1773	621
1774	622
1775	623
1776	624
1777	625
1778	626
1779	627
1780	628
1781	631
1782	632
1783	633
1784	635
1785	636
1786	638
1787	639
1788	640
1789	642
1790	643
1791	644
1792	647
1793	648
1794	650
1795	653
1796	654
1797	655
1798	657
1799	658
1800	659
1801	660
1802	661
1803	662
1804	663
1805	664
1806	665
1807	667
1808	668
1809	670
1810	671
1811	672
1812	674
1813	675
1814	677
1815	679
1816	681
1817	682
1818	684
1819	685
1820	1967
1821	3437
1822	3454
1823	3487
1824	3723
1825	3861
1826	3961
1827	3980
1828	3989
1829	4011
1830	4031
1831	686
1832	687
1833	688
1834	689
1835	690
1836	691
1837	692
1838	693
1839	694
1840	695
1841	696
1842	697
1843	698
1844	699
1845	700
1846	701
1847	702
1848	703
1849	704
1850	705
1851	706
1852	707
1853	708
1854	709
1855	710
1856	711
1857	712
1858	713
1859	714
1860	715
1861	716
1862	717
1863	718
1864	719
1865	720
1866	721
1867	722
1868	723
1869	724
1870	725
1871	726
1872	727
1873	728
1874	729
1875	730
1876	731
1877	732
1878	733
1879	734
1880	735
1881	736
1882	737
1883	738
1884	739
1885	740
1886	741
1887	742
1888	743
1889	744
1890	745
1891	746
1892	747
1893	748
1894	749
1895	750
1896	751
1897	752
1898	753
1899	754
1900	755
1901	756
1902	757
1903	758
1904	759
1905	760
1906	761
1907	762
1908	763
1909	764
1910	765
1911	766
1912	767
1913	768
1914	769
1915	770
1916	771
1917	772
1918	773
1919	774
1920	775
1921	776
1922	777
1923	778
1924	779
1925	780
1926	781
1927	782
1928	783
1929	784
1930	785
1931	786
1932	787
1933	788
1934	789
1935	790
1936	791
1937	792
1938	793
1939	794
1940	795
1941	796
1942	797
1943	798
1944	799
1945	800
1946	801
1947	802
1948	803
1949	804
1950	805
1951	806
1952	807
1953	808
1954	809
1955	810
1956	811
1957	812
1958	813
1959	814
1960	815
1961	816
1962	817
1963	818
1964	819
1965	820
1966	821
1967	822
1968	823
1969	824
1970	825
1971	826
1972	827
1973	828
1974	829
1975	830
1976	831
1977	832
1978	833
1979	834
1980	835
1981	836
1982	837
1983	838
1984	839
1985	840
1986	841
1987	842
1988	843
1989	844
1990	845
1991	846
1992	847
1993	848
1994	849
1995	850
1996	851
1997	852
1998	853
1999	854
2000	855
2001	856
2002	890
2003	857
2004	858
2005	859
2006	860
2007	861
2008	862
2009	863
2010	864
2011	865
2012	866
2013	867
2014	868
2015	869
2016	870
2017	871
2018	872
2019	873
2020	874
2021	875
2022	876
2023	877
2024	878
2025	879
2026	880
2027	881
2028	882
2029	883
2030	884
2031	885
2032	886
2033	887
2034	888
2035	889
2036	891
2037	892
2038	893
2039	894
2040	895
2041	3456
2042	3495
2043	3586
2044	3621
2045	3626
2046	3797
2047	3501
2048	3517
2049	3550
2050	3577
2051	3592
2052	3609
2053	3633
2054	3677
2055	3684
2056	3721
2057	3779
2058	3872
2059	3948
2060	2678
2061	2760
2062	2822
2063	2883
2064	2941
2065	2968
2066	3005
2067	3057
2068	3136
2069	3164
2070	3222
2071	3245
2072	3248
2073	3263
2074	3278
2075	3328
2076	3361
2077	3440
2078	3525
2079	3540
2080	3556
2081	3561
2082	3651
2083	3674
2084	3692
2085	3741
2086	3750
2087	3756
2088	3830
2089	3851
2090	3877
2091	3886
2092	3943
2093	3962
2094	2677
2095	2826
2096	2724
2097	2752
2098	2775
2099	2869
2100	2892
2101	2962
2102	3001
2103	3019
2104	3100
2105	3162
2106	3168
2107	3233
2108	3295
2109	3304
2110	3331
2111	3366
2112	3404
2113	3406
2114	3412
2115	2813
2116	2971
2117	3034
2118	3178
2119	3410
2120	3420
2121	2976
2122	3011
2123	3179
2124	3289
2125	1920
2126	1941
2127	1948
2128	1959
2129	2028
2130	2047
2131	2053
2132	2065
2133	2087
2134	2125
2135	2132
2136	2134
2137	2148
2138	2149
2139	2169
2140	2191
2141	2194
2142	2196
2143	2198
2144	2239
2145	2266
2146	2282
2147	2285
2148	2293
2149	2315
2150	2328
2151	2332
2152	2333
2153	2338
2154	2347
2155	2351
2156	2368
2157	2372
2158	2385
2159	2399
2160	2420
2161	2496
2162	2501
2163	2509
2164	2512
2165	2516
2166	2530
2167	2542
2168	2555
2169	2567
2170	2592
2171	2597
2172	2608
2173	2642
2174	2725
2175	2734
2176	2764
2177	2964
2178	3020
2179	3062
2180	3079
2181	3165
2182	3205
2183	3258
2184	3386
2185	3409
2186	2693
2187	2979
2188	3101
2189	3265
2190	3385
2191	1913
2192	1916
2193	1940
2194	1947
2195	1954
2196	1994
2197	2002
2198	2010
2199	2026
2200	2052
2201	2062
2202	2101
2203	2137
2204	2144
2205	2151
2206	2163
2207	2176
2208	2215
2209	2241
2210	2246
2211	2273
2212	2294
2213	2295
2214	2298
2215	2343
2216	2344
2217	2355
2218	2377
2219	2389
2220	2394
2221	2413
2222	2419
2223	2465
2224	2468
2225	2519
2226	2544
2227	2582
2228	2588
2229	2594
2230	2605
2231	2609
2232	2616
2233	2903
2234	2938
2235	2999
2236	3201
2237	3319
2238	3355
2239	3097
2240	2707
2241	3111
2242	3186
2243	2661
2244	2662
2245	2663
2246	2664
2247	2665
2248	2666
2249	2667
2250	2668
2251	2669
2252	2670
2253	2671
2254	2672
2255	2673
2256	2674
2257	2675
2258	2676
2259	2679
2260	2680
2261	2681
2262	2682
2263	2683
2264	2684
2265	2685
2266	2686
2267	2687
2268	2688
2269	2689
2270	2690
2271	2691
2272	2692
2273	2694
2274	2695
2275	2696
2276	2697
2277	2698
2278	2699
2279	2700
2280	2701
2281	2702
2282	2703
2283	2705
2284	2706
2285	2708
2286	2709
2287	2710
2288	2711
2289	2712
2290	2713
2291	2714
2292	2715
2293	2716
2294	2717
2295	2718
2296	2719
2297	2720
2298	2721
2299	2722
2300	2723
2301	2726
2302	2727
2303	2728
2304	2729
2305	2730
2306	2731
2307	2732
2308	2733
2309	2735
2310	2736
2311	2737
2312	2738
2313	2739
2314	2741
2315	2742
2316	2743
2317	2744
2318	2745
2319	2746
2320	2747
2321	2748
2322	2749
2323	2750
2324	2751
2325	2753
2326	2754
2327	2755
2328	2756
2329	2757
2330	2758
2331	2759
2332	2761
2333	2762
2334	2763
2335	2765
2336	2766
2337	2767
2338	2768
2339	2769
2340	2770
2341	2771
2342	2772
2343	2773
2344	2774
2345	2776
2346	2777
2347	2778
2348	2779
2349	2780
2350	2781
2351	2782
2352	2783
2353	2784
2354	2785
2355	2786
2356	2787
2357	2788
2358	2789
2359	2790
2360	2791
2361	2792
2362	2793
2363	2794
2364	2795
2365	2796
2366	2797
2367	2798
2368	2799
2369	2800
2370	2801
2371	2802
2372	2803
2373	2804
2374	2805
2375	2806
2376	2807
2377	2808
2378	2809
2379	2810
2380	2811
2381	2812
2382	2815
2383	2816
2384	2817
2385	2818
2386	2819
2387	2820
2388	2821
2389	2823
2390	2824
2391	2825
2392	2827
2393	2828
2394	2829
2395	2830
2396	2831
2397	2832
2398	2833
2399	2834
2400	2835
2401	2836
2402	2837
2403	2839
2404	2840
2405	2841
2406	2842
2407	2843
2408	2844
2409	2845
2410	2846
2411	2847
2412	2848
2413	2849
2414	2850
2415	2851
2416	2852
2417	2853
2418	2854
2419	2855
2420	2856
2421	2857
2422	2858
2423	2859
2424	2860
2425	2861
2426	2862
2427	2863
2428	2864
2429	2865
2430	2866
2431	2867
2432	2868
2433	2870
2434	2871
2435	2872
2436	2873
2437	2874
2438	2875
2439	2876
2440	2877
2441	2878
2442	2879
2443	2880
2444	2881
2445	2882
2446	2884
2447	2886
2448	2887
2449	2888
2450	2889
2451	2890
2452	2891
2453	2893
2454	2894
2455	2895
2456	2896
2457	2897
2458	2898
2459	2899
2460	2900
2461	2901
2462	2902
2463	2904
2464	2905
2465	2906
2466	2907
2467	2908
2468	2909
2469	2910
2470	2911
2471	2912
2472	2913
2473	2914
2474	2915
2475	2916
2476	2917
2477	2918
2478	2919
2479	2920
2480	2921
2481	2922
2482	2923
2483	2924
2484	2925
2485	2926
2486	2927
2487	2928
2488	2929
2489	2930
2490	2931
2491	2932
2492	2933
2493	2934
2494	2935
2495	2936
2496	2937
2497	2939
2498	2940
2499	2942
2500	2943
2501	2944
2502	2945
2503	2946
2504	2947
2505	2948
2506	2949
2507	2950
2508	2951
2509	2952
2510	2953
2511	2954
2512	2955
2513	2956
2514	2957
2515	2958
2516	2959
2517	2960
2518	2961
2519	2963
2520	2965
2521	2966
2522	2967
2523	2969
2524	2970
2525	2972
2526	2973
2527	2974
2528	2975
2529	2977
2530	2978
2531	2980
2532	2981
2533	2982
2534	2983
2535	2984
2536	2985
2537	2986
2538	2987
2539	2988
2540	2989
2541	2990
2542	2991
2543	2992
2544	2993
2545	2994
2546	2995
2547	2996
2548	2997
2549	2998
2550	3000
2551	3002
2552	3004
2553	3006
2554	3007
2555	3008
2556	3009
2557	3010
2558	3012
2559	3013
2560	3014
2561	3015
2562	3016
2563	3017
2564	3018
2565	3021
2566	3022
2567	3023
2568	3024
2569	3025
2570	3026
2571	3027
2572	3028
2573	3029
2574	3030
2575	3031
2576	3032
2577	3033
2578	3035
2579	3036
2580	3037
2581	3038
2582	3039
2583	3040
2584	3041
2585	3042
2586	3043
2587	3044
2588	3045
2589	3046
2590	3047
2591	3048
2592	3049
2593	3050
2594	3051
2595	3052
2596	3053
2597	3054
2598	3055
2599	3056
2600	3058
2601	3059
2602	3060
2603	3061
2604	3063
2605	3064
2606	3065
2607	3066
2608	3067
2609	3068
2610	3069
2611	3070
2612	3071
2613	3072
2614	3073
2615	3074
2616	3075
2617	3076
2618	3077
2619	3078
2620	3080
2621	3081
2622	3082
2623	3083
2624	3084
2625	3085
2626	3086
2627	3087
2628	3088
2629	3089
2630	3090
2631	3091
2632	3092
2633	3093
2634	3094
2635	3095
2636	3096
2637	3098
2638	3099
2639	3102
2640	3103
2641	3104
2642	3105
2643	3106
2644	3107
2645	3108
2646	3109
2647	3110
2648	3112
2649	3113
2650	3114
2651	3115
2652	3116
2653	3117
2654	3118
2655	3119
2656	3120
2657	3121
2658	3122
2659	3123
2660	3124
2661	3125
2662	3126
2663	3127
2664	3128
2665	3129
2666	3130
2667	3131
2668	3132
2669	3133
2670	3134
2671	3135
2672	3137
2673	3138
2674	3139
2675	3140
2676	3141
2677	3142
2678	3143
2679	3144
2680	3145
2681	3146
2682	3147
2683	3148
2684	3149
2685	3150
2686	3151
2687	3152
2688	3153
2689	3154
2690	3155
2691	3156
2692	3157
2693	3158
2694	3159
2695	3160
2696	3161
2697	3163
2698	3166
2699	3167
2700	3169
2701	3170
2702	3171
2703	3172
2704	3174
2705	3175
2706	3176
2707	3177
2708	3180
2709	3181
2710	3182
2711	3183
2712	3184
2713	3185
2714	3187
2715	3188
2716	3189
2717	3190
2718	3191
2719	3192
2720	3193
2721	3194
2722	3195
2723	3196
2724	3197
2725	3198
2726	3199
2727	3200
2728	3202
2729	3203
2730	3204
2731	3206
2732	3207
2733	3208
2734	3209
2735	3210
2736	3211
2737	3212
2738	3213
2739	3214
2740	3215
2741	3216
2742	3217
2743	3218
2744	3219
2745	3220
2746	3221
2747	3223
2748	3224
2749	3225
2750	3226
2751	3227
2752	3228
2753	3229
2754	3230
2755	3231
2756	3232
2757	3234
2758	3235
2759	3236
2760	3237
2761	3238
2762	3239
2763	3240
2764	3241
2765	3242
2766	3243
2767	3244
2768	3246
2769	3247
2770	3249
2771	3250
2772	3251
2773	3252
2774	3253
2775	3254
2776	3255
2777	3256
2778	3257
2779	3259
2780	3260
2781	3261
2782	3262
2783	3264
2784	3266
2785	3267
2786	3268
2787	3269
2788	3270
2789	3271
2790	3272
2791	3273
2792	3274
2793	3275
2794	3276
2795	3277
2796	3279
2797	3280
2798	3281
2799	3282
2800	3283
2801	3284
2802	3285
2803	3286
2804	3287
2805	3288
2806	3291
2807	3292
2808	3293
2809	3294
2810	3296
2811	3297
2812	3298
2813	3299
2814	3300
2815	3301
2816	3302
2817	3303
2818	3305
2819	3306
2820	3307
2821	3308
2822	3309
2823	3310
2824	3311
2825	3312
2826	3313
2827	3314
2828	3315
2829	3316
2830	3317
2831	3318
2832	3320
2833	3321
2834	3322
2835	3323
2836	3324
2837	3325
2838	3326
2839	3327
2840	3329
2841	3330
2842	3332
2843	3333
2844	3334
2845	3335
2846	3336
2847	3337
2848	3338
2849	3339
2850	3340
2851	3341
2852	3342
2853	3343
2854	3344
2855	3345
2856	3346
2857	3347
2858	3348
2859	3349
2860	3350
2861	3351
2862	3352
2863	3353
2864	3354
2865	3356
2866	3357
2867	3358
2868	3359
2869	3360
2870	3362
2871	3363
2872	3364
2873	3365
2874	3367
2875	3368
2876	3369
2877	3370
2878	3371
2879	3372
2880	3373
2881	3374
2882	3375
2883	3376
2884	3377
2885	3378
2886	3379
2887	3380
2888	3381
2889	3382
2890	3383
2891	3384
2892	3387
2893	3388
2894	3389
2895	3390
2896	3391
2897	3392
2898	3393
2899	3394
2900	3395
2901	3396
2902	3397
2903	3398
2904	3399
2905	3400
2906	3401
2907	3402
2908	3403
2909	3405
2910	3407
2911	3408
2912	3411
2913	3413
2914	3414
2915	3415
2916	3416
2917	3417
2918	3418
2919	3419
2920	3421
2921	3422
2922	3423
2923	3424
2924	3425
2925	3426
2926	3427
2927	3428
2928	3429
2929	3430
2930	3431
2931	3432
2932	3433
2933	3434
2934	3435
2935	3436
2936	2003
2937	2031
2938	2155
2939	2185
2940	2325
2941	2330
2942	1914
2943	1915
2944	1917
2945	1918
2946	1919
2947	1921
2948	1922
2949	1923
2950	1924
2951	1925
2952	1927
2953	1928
2954	1929
2955	1930
2956	1931
2957	1933
2958	1934
2959	1935
2960	1936
2961	1937
2962	1938
2963	1942
2964	1943
2965	1944
2966	1946
2967	1949
2968	1950
2969	1952
2970	1953
2971	1956
2972	1957
2973	1958
2974	1960
2975	1961
2976	1962
2977	1963
2978	1964
2979	1965
2980	1966
2981	1968
2982	1969
2983	1970
2984	1971
2985	1974
2986	1975
2987	1977
2988	1978
2989	1979
2990	1980
2991	1981
2992	1982
2993	1983
2994	1984
2995	1985
2996	1986
2997	1987
2998	1988
2999	1989
3000	1990
3001	1992
3002	1993
3003	1996
3004	1997
3005	1999
3006	2000
3007	2005
3008	2006
3009	2008
3010	2011
3011	2012
3012	2013
3013	2014
3014	2015
3015	2016
3016	2017
3017	2019
3018	2020
3019	2021
3020	2022
3021	2023
3022	2025
3023	2029
3024	2030
3025	2033
3026	2034
3027	2035
3028	2036
3029	2037
3030	2040
3031	2041
3032	2043
3033	2044
3034	2045
3035	2046
3036	2048
3037	2049
3038	2050
3039	2051
3040	2055
3041	2056
3042	2057
3043	2058
3044	2059
3045	2060
3046	2061
3047	2063
3048	2064
3049	2066
3050	2067
3051	2069
3052	2070
3053	2073
3054	2074
3055	2075
3056	2076
3057	2077
3058	2078
3059	2079
3060	2080
3061	2082
3062	2083
3063	2084
3064	2085
3065	2086
3066	2088
3067	2089
3068	2090
3069	2091
3070	2092
3071	2093
3072	2094
3073	2095
3074	2096
3075	2097
3076	2098
3077	2099
3078	2100
3079	2103
3080	2104
3081	2105
3082	2106
3083	2107
3084	2108
3085	2109
3086	2110
3087	2112
3088	2113
3089	2114
3090	2115
3091	2118
3092	2119
3093	2120
3094	2121
3095	2122
3096	2123
3097	2124
3098	2126
3099	2129
3100	2130
3101	2131
3102	2136
3103	2139
3104	2140
3105	2141
3106	2142
3107	2145
3108	2146
3109	2147
3110	2150
3111	2152
3112	2154
3113	2156
3114	2158
3115	2159
3116	2160
3117	2161
3118	2162
3119	2164
3120	2165
3121	2166
3122	2167
3123	2168
3124	2170
3125	2172
3126	2173
3127	2175
3128	2177
3129	2178
3130	2179
3131	2181
3132	2182
3133	2184
3134	2186
3135	2188
3136	2190
3137	2192
3138	2193
3139	2195
3140	2197
3141	2200
3142	2201
3143	2202
3144	2204
3145	2205
3146	2206
3147	2207
3148	2208
3149	2209
3150	2210
3151	2211
3152	2212
3153	2213
3154	2214
3155	2216
3156	2217
3157	2218
3158	2219
3159	2220
3160	2221
3161	2222
3162	2226
3163	2227
3164	2228
3165	2229
3166	2230
3167	2231
3168	2232
3169	2233
3170	2234
3171	2235
3172	2236
3173	2237
3174	2238
3175	2240
3176	2242
3177	2243
3178	2244
3179	2245
3180	2248
3181	2249
3182	2251
3183	2252
3184	2253
3185	2255
3186	2256
3187	2257
3188	2258
3189	2259
3190	2260
3191	2261
3192	2262
3193	2263
3194	2265
3195	2269
3196	2270
3197	2271
3198	2272
3199	2274
3200	2275
3201	2276
3202	2277
3203	2278
3204	2280
3205	2281
3206	2286
3207	2287
3208	2288
3209	2290
3210	2291
3211	2296
3212	2297
3213	2299
3214	2300
3215	2301
3216	2303
3217	2304
3218	2305
3219	2306
3220	2307
3221	2308
3222	2309
3223	2310
3224	2311
3225	2312
3226	2313
3227	2314
3228	2316
3229	2317
3230	2318
3231	2320
3232	2321
3233	2322
3234	2323
3235	2324
3236	2326
3237	2329
3238	2331
3239	2334
3240	2335
3241	2339
3242	2340
3243	2341
3244	2342
3245	2345
3246	2346
3247	2348
3248	2349
3249	2350
3250	2352
3251	2353
3252	2354
3253	2356
3254	2357
3255	2358
3256	2359
3257	2360
3258	2361
3259	2362
3260	2363
3261	2365
3262	2366
3263	2367
3264	2369
3265	2370
3266	2371
3267	2373
3268	2374
3269	2375
3270	2376
3271	2379
3272	2380
3273	2381
3274	2382
3275	2383
3276	2386
3277	2387
3278	2388
3279	2390
3280	2391
3281	2392
3282	2393
3283	2395
3284	2396
3285	2397
3286	2400
3287	2401
3288	2402
3289	2403
3290	2404
3291	2405
3292	2406
3293	2407
3294	2408
3295	2409
3296	2410
3297	2411
3298	2412
3299	2414
3300	2415
3301	2416
3302	2418
3303	2421
3304	2422
3305	2423
3306	2424
3307	2425
3308	2426
3309	2427
3310	2428
3311	2429
3312	2430
3313	2431
3314	2432
3315	2433
3316	2434
3317	2435
3318	2437
3319	2438
3320	2439
3321	2440
3322	2441
3323	2442
3324	2443
3325	2444
3326	2446
3327	2448
3328	2449
3329	2450
3330	2452
3331	2453
3332	2454
3333	2455
3334	2456
3335	2457
3336	2460
3337	2462
3338	2464
3339	2466
3340	2467
3341	2469
3342	2470
3343	2473
3344	2474
3345	2476
3346	2477
3347	2478
3348	2479
3349	2480
3350	2481
3351	2482
3352	2483
3353	2484
3354	2485
3355	2486
3356	2487
3357	2488
3358	2489
3359	2490
3360	2492
3361	2493
3362	2495
3363	2497
3364	2499
3365	2500
3366	2503
3367	2504
3368	2505
3369	2506
3370	2507
3371	2513
3372	2514
3373	2515
3374	2517
3375	2518
3376	2520
3377	2521
3378	2522
3379	2523
3380	2524
3381	2525
3382	2526
3383	2527
3384	2528
3385	2531
3386	2532
3387	2534
3388	2535
3389	2536
3390	2537
3391	2539
3392	2540
3393	2541
3394	2545
3395	2546
3396	2548
3397	2549
3398	2550
3399	2551
3400	2552
3401	2553
3402	2554
3403	2556
3404	2557
3405	2558
3406	2559
3407	2560
3408	2561
3409	2562
3410	2563
3411	2564
3412	2565
3413	2566
3414	2568
3415	2569
3416	2570
3417	2572
3418	2573
3419	2574
3420	2575
3421	2576
3422	2577
3423	2578
3424	2579
3425	2580
3426	2581
3427	2584
3428	2585
3429	2586
3430	2587
3431	2590
3432	2591
3433	2593
3434	2595
3435	2596
3436	2599
3437	2600
3438	2601
3439	2602
3440	2603
3441	2604
3442	2606
3443	2607
3444	2610
3445	2611
3446	2612
3447	2613
3448	2614
3449	2615
3450	2618
3451	2619
3452	2620
3453	2621
3454	2622
3455	2623
3456	2624
3457	2625
3458	2626
3459	2627
3460	2628
3461	2630
3462	2631
3463	2632
3464	2633
3465	2634
3466	2637
3467	2638
3468	2639
3469	2641
3470	2644
3471	2645
3472	2646
3473	2648
3474	2650
3475	2651
3476	2652
3477	2654
3478	2655
3479	2656
3480	2657
3481	2658
3482	2659
3483	3438
3484	3439
3485	3441
3486	3442
3487	3443
3488	3444
3489	3445
3490	3446
3491	3447
3492	3448
3493	3449
3494	3450
3495	3451
3496	3452
3497	3453
3498	3455
3499	3457
3500	3458
3501	3459
3502	3460
3503	3461
3504	3462
3505	3463
3506	3464
3507	3465
3508	3466
3509	3467
3510	3468
3511	3469
3512	3470
3513	3471
3514	3472
3515	3473
3516	3474
3517	3475
3518	3476
3519	3477
3520	3478
3521	3479
3522	3480
3523	3481
3524	3482
3525	3483
3526	3484
3527	3485
3528	3486
3529	3488
3530	3489
3531	3490
3532	3491
3533	3492
3534	3493
3535	3494
3536	3496
3537	3497
3538	3498
3539	3499
3540	3500
3541	3502
3542	3503
3543	3504
3544	3505
3545	3506
3546	3507
3547	3508
3548	3509
3549	3510
3550	3511
3551	3512
3552	3513
3553	3514
3554	3515
3555	3516
3556	3518
3557	3519
3558	3520
3559	3521
3560	3522
3561	3523
3562	3524
3563	3526
3564	3527
3565	3528
3566	3529
3567	3530
3568	3531
3569	3532
3570	3533
3571	3534
3572	3535
3573	3536
3574	3537
3575	3538
3576	3539
3577	3541
3578	3542
3579	3543
3580	3544
3581	3545
3582	3546
3583	3547
3584	3548
3585	3549
3586	3551
3587	3552
3588	3553
3589	3554
3590	3555
3591	3557
3592	3558
3593	3559
3594	3560
3595	3562
3596	3563
3597	3564
3598	3565
3599	3566
3600	3567
3601	3568
3602	3569
3603	3570
3604	3571
3605	3572
3606	3573
3607	3574
3608	3575
3609	3576
3610	3578
3611	3579
3612	3580
3613	3581
3614	3582
3615	3583
3616	3584
3617	3585
3618	3587
3619	3588
3620	3589
3621	3590
3622	3591
3623	3593
3624	3594
3625	3595
3626	3596
3627	3597
3628	3598
3629	3599
3630	3600
3631	3601
3632	3602
3633	3603
3634	3604
3635	3605
3636	3606
3637	3607
3638	3608
3639	3610
3640	3611
3641	3612
3642	3613
3643	3614
3644	3615
3645	3616
3646	3617
3647	3618
3648	3619
3649	3620
3650	3622
3651	3623
3652	3624
3653	3625
3654	3627
3655	3628
3656	3629
3657	3630
3658	3631
3659	3632
3660	3634
3661	3635
3662	3636
3663	3637
3664	3638
3665	3639
3666	3640
3667	3641
3668	3642
3669	3643
3670	3644
3671	3645
3672	3646
3673	3647
3674	3648
3675	3649
3676	3650
3677	3652
3678	3653
3679	3654
3680	3655
3681	3656
3682	3657
3683	3658
3684	3659
3685	3660
3686	3661
3687	3662
3688	3663
3689	3664
3690	3665
3691	3666
3692	3667
3693	3668
3694	3669
3695	3670
3696	3671
3697	3672
3698	3673
3699	3675
3700	3676
3701	3678
3702	3679
3703	3680
3704	3681
3705	3682
3706	3683
3707	3685
3708	3686
3709	3687
3710	3688
3711	3689
3712	3690
3713	3691
3714	3693
3715	3694
3716	3695
3717	3696
3718	3697
3719	3698
3720	3699
3721	3700
3722	3701
3723	3702
3724	3703
3725	3704
3726	3705
3727	3706
3728	3707
3729	3708
3730	3709
3731	3710
3732	3711
3733	3712
3734	3713
3735	3714
3736	3715
3737	3716
3738	3717
3739	3718
3740	3719
3741	3720
3742	3722
3743	3724
3744	3725
3745	3726
3746	3727
3747	3728
3748	3729
3749	3730
3750	3731
3751	3732
3752	3733
3753	3734
3754	3735
3755	3736
3756	3737
3757	3738
3758	3739
3759	3740
3760	3742
3761	3743
3762	3744
3763	3745
3764	3746
3765	3747
3766	3748
3767	3749
3768	3751
3769	3752
3770	3753
3771	3754
3772	3755
3773	3757
3774	3758
3775	3759
3776	3760
3777	3761
3778	3762
3779	3763
3780	3764
3781	3765
3782	3766
3783	3767
3784	3768
3785	3769
3786	3770
3787	3771
3788	3772
3789	3773
3790	3774
3791	3775
3792	3776
3793	3777
3794	3778
3795	3780
3796	3781
3797	3782
3798	3783
3799	3784
3800	3785
3801	3786
3802	3787
3803	3788
3804	3789
3805	3790
3806	3791
3807	3792
3808	3793
3809	3794
3810	3795
3811	3796
3812	3798
3813	3799
3814	3800
3815	3801
3816	3802
3817	3803
3818	3804
3819	3805
3820	3806
3821	3807
3822	3808
3823	3809
3824	3810
3825	3811
3826	3812
3827	3813
3828	3814
3829	3815
3830	3816
3831	3817
3832	3818
3833	3819
3834	3820
3835	3821
3836	3822
3837	3823
3838	3824
3839	3825
3840	3826
3841	3827
3842	3828
3843	3829
3844	3831
3845	3832
3846	3833
3847	3834
3848	3835
3849	3836
3850	3837
3851	3838
3852	3839
3853	3840
3854	3841
3855	3842
3856	3843
3857	3844
3858	3845
3859	3846
3860	3847
3861	3848
3862	3849
3863	3850
3864	3852
3865	3853
3866	3854
3867	3855
3868	3856
3869	3857
3870	3858
3871	3859
3872	3860
3873	3862
3874	3863
3875	3864
3876	3865
3877	3866
3878	3867
3879	3868
3880	3869
3881	3870
3882	3871
3883	3873
3884	3874
3885	3875
3886	3876
3887	3878
3888	3879
3889	3880
3890	3881
3891	3882
3892	3883
3893	3884
3894	3885
3895	3887
3896	3888
3897	3889
3898	3890
3899	3891
3900	3892
3901	3893
3902	3894
3903	3895
3904	3896
3905	3897
3906	3898
3907	3899
3908	3900
3909	3901
3910	3902
3911	3903
3912	3904
3913	3905
3914	3906
3915	3907
3916	3908
3917	3909
3918	3910
3919	3911
3920	3912
3921	3913
3922	3914
3923	3915
3924	3916
3925	3917
3926	3918
3927	3919
3928	3920
3929	3921
3930	3922
3931	3923
3932	3924
3933	3925
3934	3926
3935	3927
3936	3928
3937	3929
3938	3930
3939	3931
3940	3932
3941	3933
3942	3934
3943	3935
3944	3936
3945	3937
3946	3938
3947	3939
3948	3940
3949	3941
3950	3942
3951	3944
3952	3945
3953	3946
3954	3947
3955	3949
3956	3950
3957	3951
3958	3952
3959	3953
3960	3954
3961	3955
3962	3956
3963	3957
3964	3958
3965	3959
3966	3960
3967	3963
3968	3964
3969	3965
3970	3966
3971	3967
3972	3968
3973	3969
3974	3970
3975	3971
3976	3972
3977	3973
3978	3974
3979	3975
3980	3976
3981	3977
3982	3978
3983	3979
3984	3981
3985	3982
3986	3983
3987	3984
3988	3985
3989	3986
3990	3987
3991	3988
3992	3990
3993	3991
3994	3992
3995	3993
3996	3994
3997	3995
3998	3996
3999	3997
4000	3998
4001	3999
4002	4000
4003	4001
4004	4002
4005	4003
4006	4004
4007	4005
4008	4006
4009	4007
4010	4008
4011	4009
4012	4010
4013	4012
4014	4013
4015	4014
4016	4015
4017	4016
4018	4017
4019	4018
4020	4019
4021	4020
4022	4021
4023	4022
4024	4023
4025	4024
4026	4025
4027	4026
4028	4027
4029	4028
4030	4029
4031	4030
4032	4032
4033	4033
4034	4034
4035	4035
4036	4036
4037	4037
4038	4038
